 53.0 53.0 53.0 53.0 53.0 53.0 53.0 53.0 53.0 53.0 53.0 53.0 51.0 4.0 4.0 4.0 4.0 4.0 4.0 4.0 53.0 53.0 53.0 53.0 53.0 53.0 53.0 53.0 53.0 53.0 53.0 53.0
 53.0 53.0 53.0 53.0 53.0 53.0 53.0 53.0 53.0 51.0 51.0 51.0 51.0 4.0 4.0 4.0 4.0 4.0 4.0 4.0 4.0 4.0 4.0 53.0 53.0 53.0 53.0 53.0 53.0 53.0 53.0 53.0
 53.0 53.0 53.0 53.0 53.0 53.0 53.0 37.0 37.0 21.0 21.0 51.0 21.0 4.0 4.0 4.0 4.0 4.0 4.0 4.0 4.0 4.0 4.0 4.0 4.0 53.0 53.0 53.0 53.0 53.0 53.0 53.0
 53.0 53.0 53.0 53.0 53.0 53.0 5.0 37.0 7.0 21.0 21.0 21.0 21.0 4.0 4.0 4.0 4.0 4.0 4.0 4.0 4.0 4.0 4.0 4.0 4.0 4.0 53.0 53.0 53.0 53.0 53.0 53.0
 53.0 53.0 53.0 53.0 4.0 4.0 4.0 5.0 6.0 21.0 21.0 9.0 21.0 4.0 4.0 4.0 4.0 4.0 4.0 4.0 4.0 4.0 4.0 4.0 4.0 4.0 4.0 4.0 53.0 53.0 53.0 53.0
 53.0 53.0 53.0 53.0 42.0 4.0 4.0 5.0 7.0 21.0 9.0 9.0 4.0 4.0 4.0 4.0 4.0 4.0 4.0 4.0 4.0 4.0 4.0 4.0 4.0 4.0 5.0 5.0 53.0 53.0 53.0 53.0
 53.0 53.0 53.0 5.0 42.0 46.0 46.0 46.0 21.0 9.0 9.0 9.0 4.0 4.0 4.0 4.0 4.0 4.0 4.0 4.0 4.0 4.0 4.0 4.0 4.0 4.0 5.0 5.0 5.0 53.0 53.0 53.0
 53.0 53.0 4.0 4.0 5.0 42.0 45.0 46.0 21.0 21.0 21.0 21.0 4.0 4.0 4.0 4.0 4.0 4.0 4.0 4.0 4.0 4.0 4.0 4.0 4.0 4.0 5.0 5.0 5.0 5.0 53.0 53.0
 53.0 53.0 5.0 5.0 5.0 52.0 21.0 21.0 21.0 21.0 21.0 4.0 4.0 4.0 4.0 4.0 4.0 4.0 4.0 4.0 4.0 4.0 4.0 4.0 4.0 4.0 4.0 4.0 5.0 5.0 53.0 53.0
 53.0 6.0 5.0 5.0 5.0 5.0 52.0 21.0 21.0 21.0 21.0 4.0 4.0 4.0 4.0 4.0 4.0 4.0 4.0 4.0 4.0 4.0 4.0 4.0 4.0 4.0 4.0 4.0 5.0 5.0 5.0 53.0
 53.0 6.0 6.0 6.0 5.0 52.0 52.0 21.0 21.0 21.0 4.0 4.0 4.0 4.0 4.0 4.0 4.0 4.0 4.0 4.0 4.0 4.0 4.0 4.0 4.0 4.0 4.0 4.0 5.0 5.0 5.0 53.0
 53.0 6.0 6.0 6.0 6.0 52.0 34.0 34.0 21.0 21.0 4.0 4.0 4.0 4.0 4.0 4.0 4.0 4.0 4.0 4.0 4.0 4.0 4.0 4.0 4.0 4.0 4.0 4.0 5.0 5.0 5.0 53.0
 6.0 6.0 6.0 6.0 52.0 42.0 42.0 34.0 21.0 21.0 4.0 4.0 4.0 4.0 4.0 4.0 4.0 4.0 4.0 4.0 4.0 4.0 4.0 4.0 4.0 4.0 4.0 4.0 4.0 5.0 5.0 5.0
 11.0 11.0 11.0 42.0 42.0 42.0 42.0 42.0 21.0 21.0 4.0 4.0 4.0 4.0 4.0 4.0 4.0 4.0 4.0 4.0 4.0 4.0 4.0 4.0 4.0 4.0 4.0 4.0 4.0 5.0 5.0 5.0
 4.0 4.0 4.0 42.0 42.0 42.0 42.0 42.0 42.0 20.0 4.0 4.0 4.0 4.0 4.0 4.0 4.0 4.0 4.0 4.0 4.0 4.0 4.0 4.0 4.0 4.0 4.0 4.0 4.0 4.0 5.0 5.0
 4.0 4.0 4.0 42.0 42.0 42.0 42.0 42.0 30.0 4.0 4.0 4.0 4.0 4.0 4.0 4.0 4.0 4.0 4.0 4.0 4.0 4.0 4.0 4.0 4.0 4.0 4.0 4.0 4.0 4.0 4.0 5.0
 4.0 4.0 4.0 42.0 42.0 42.0 42.0 42.0 30.0 20.0 4.0 4.0 4.0 4.0 4.0 4.0 4.0 4.0 4.0 4.0 4.0 4.0 4.0 4.0 4.0 4.0 4.0 4.0 4.0 4.0 4.0 4.0
 36.0 8.0 8.0 17.0 42.0 42.0 42.0 42.0 30.0 18.0 4.0 4.0 4.0 4.0 4.0 4.0 4.0 4.0 4.0 4.0 4.0 4.0 4.0 4.0 4.0 4.0 4.0 4.0 4.0 4.0 4.0 4.0
 4.0 4.0 4.0 17.0 17.0 17.0 42.0 18.0 30.0 30.0 18.0 4.0 4.0 4.0 4.0 4.0 4.0 4.0 4.0 4.0 4.0 4.0 4.0 4.0 4.0 4.0 4.0 4.0 4.0 4.0 4.0 4.0
 4.0 4.0 4.0 4.0 4.0 47.0 47.0 18.0 30.0 30.0 18.0 18.0 4.0 4.0 4.0 4.0 4.0 4.0 4.0 4.0 4.0 4.0 4.0 4.0 4.0 4.0 4.0 4.0 4.0 4.0 4.0 4.0
 53.0 4.0 4.0 4.0 4.0 4.0 47.0 18.0 30.0 30.0 30.0 18.0 34.0 4.0 4.0 4.0 4.0 4.0 4.0 4.0 4.0 4.0 4.0 4.0 4.0 4.0 4.0 4.0 4.0 4.0 4.0 53.0
 53.0 4.0 4.0 4.0 4.0 47.0 47.0 18.0 30.0 30.0 30.0 30.0 34.0 34.0 34.0 34.0 4.0 4.0 4.0 4.0 4.0 4.0 4.0 4.0 4.0 4.0 4.0 4.0 4.0 4.0 4.0 53.0
 53.0 4.0 4.0 4.0 4.0 40.0 18.0 18.0 12.0 30.0 30.0 42.0 42.0 34.0 34.0 34.0 34.0 4.0 4.0 4.0 4.0 4.0 4.0 4.0 4.0 4.0 4.0 4.0 4.0 4.0 4.0 53.0
 53.0 53.0 4.0 4.0 43.0 11.0 11.0 53.0 15.0 29.0 42.0 42.0 42.0 34.0 26.0 34.0 32.0 32.0 32.0 4.0 4.0 4.0 4.0 4.0 4.0 4.0 4.0 4.0 4.0 4.0 53.0 53.0
 53.0 53.0 4.0 4.0 48.0 11.0 53.0 53.0 15.0 29.0 29.0 30.0 42.0 42.0 26.0 26.0 26.0 32.0 32.0 32.0 32.0 32.0 4.0 4.0 4.0 4.0 4.0 4.0 4.0 4.0 53.0 53.0
 53.0 53.0 53.0 48.0 51.0 51.0 53.0 53.0 53.0 44.0 44.0 29.0 29.0 42.0 26.0 26.0 26.0 32.0 32.0 32.0 32.0 32.0 32.0 4.0 4.0 4.0 4.0 4.0 4.0 53.0 53.0 53.0
 53.0 53.0 53.0 53.0 51.0 53.0 53.0 24.0 53.0 24.0 44.0 44.0 29.0 42.0 42.0 26.0 26.0 26.0 32.0 32.0 32.0 32.0 32.0 32.0 32.0 4.0 4.0 4.0 53.0 53.0 53.0 53.0
 53.0 53.0 53.0 53.0 4.0 53.0 53.0 31.0 24.0 44.0 44.0 44.0 44.0 42.0 42.0 26.0 26.0 26.0 32.0 21.0 21.0 21.0 32.0 32.0 32.0 32.0 4.0 4.0 53.0 53.0 53.0 53.0
 53.0 53.0 53.0 53.0 53.0 53.0 31.0 31.0 31.0 43.0 43.0 43.0 44.0 41.0 41.0 42.0 4.0 21.0 21.0 21.0 21.0 21.0 21.0 21.0 32.0 32.0 53.0 53.0 53.0 53.0 53.0 53.0
 53.0 53.0 53.0 53.0 53.0 53.0 53.0 31.0 43.0 43.0 43.0 5.0 43.0 41.0 41.0 4.0 21.0 21.0 21.0 21.0 21.0 21.0 21.0 21.0 32.0 53.0 53.0 53.0 53.0 53.0 53.0 53.0
 53.0 53.0 53.0 53.0 53.0 53.0 53.0 53.0 53.0 43.0 5.0 5.0 5.0 21.0 46.0 20.0 4.0 21.0 21.0 21.0 21.0 21.0 21.0 53.0 53.0 53.0 53.0 53.0 53.0 53.0 53.0 53.0
 53.0 53.0 53.0 53.0 53.0 53.0 53.0 53.0 53.0 53.0 53.0 53.0 5.0 5.0 4.0 20.0 52.0 21.0 21.0 21.0 53.0 53.0 53.0 53.0 53.0 53.0 53.0 53.0 53.0 53.0 53.0 53.0
